[gd_scene load_steps=2 format=2]

[ext_resource path="res://main.gd" type="Script" id=1]

[node name="root" type="Spatial"]
script = ExtResource( 1 )

[node name="Camera" type="Camera" parent="."]
transform = Transform( 1, 0, 0, 0, 0.943232, 0.332135, 0, -0.332135, 0.943232, 0, 1.42495, 1.63029 )

[node name="DirectionalLight" type="DirectionalLight" parent="."]
transform = Transform( 1, 0, 0, 0, 0.108412, 0.994106, 0, -0.994106, 0.108412, 0, 9.30219, 0 )

[node name="SpotLight" type="SpotLight" parent="."]
transform = Transform( 1, 0, 0, 0, 0.616747, 0.787161, 0, -0.787161, 0.616747, 0, 2.87061, 0.55455 )

[node name="CSGBox" type="CSGBox" parent="."]
transform = Transform( 1, 0, 0, 0, 1, 0, 0, 0, 1, 0, 1.3, 0 )
use_collision = true
collision_layer = 3
collision_mask = 3
width = 8.0
height = 2.7
depth = 16.0

[node name="CSGBox2" type="CSGBox" parent="CSGBox"]
transform = Transform( 1, 0, 0, 0, 1, 0, 0, 0, 1, 0, 0.2, 0 )
operation = 2
width = 7.8
height = 3.0
depth = 15.8

[node name="Control" type="Control" parent="."]
anchor_top = 1.0
anchor_right = 1.0
anchor_bottom = 1.0
margin_top = -82.0

[node name="anims1" type="VBoxContainer" parent="Control"]
anchor_bottom = 1.0

[node name="Label" type="Label" parent="Control/anims1"]
margin_right = 85.0
margin_bottom = 14.0
custom_colors/font_color = Color( 0, 0, 0, 1 )
custom_colors/font_outline_modulate = Color( 0, 0, 0, 1 )
text = "Animations 1"

[node name="anims2" type="VBoxContainer" parent="Control"]
anchor_left = 1.0
anchor_right = 1.0
anchor_bottom = 1.0
margin_left = -81.0

[node name="Label2" type="Label" parent="Control/anims2"]
margin_right = 81.0
margin_bottom = 14.0
custom_colors/font_color = Color( 0, 0, 0, 1 )
custom_colors/font_outline_modulate = Color( 0, 0, 0, 1 )
text = "Animations2"

